5/50
Sample Name19-Aug-2016 11:25:33~Sample Name19-Aug-2016 11:25:35~test19-Aug-2016 11:25:55~Frank19-Aug-2016 11:26:05~Bob19-Aug-2016 11:26:13~-0.025519
0.15963
-0.59196
-0.23565
-0.035354
-0.16011
-0.28327
-0.10501
-0.55289
-0.13958
-0.74692
-0.11212
-0.33864
0.017333
-0.098094
-0.010779
-0.13343
-0.45239
-0.15617
-0.13847
-0.42965
-0.23398
-0.2988
-0.38684
-0.52639
0.1686
-0.46703
-0.079651
0.12936
-0.18791
-0.126
-0.26245
-0.30325
-0.31368
-0.099381
-0.38059
-0.25052
-0.7282
-0.67618
-0.19353
-0.36736
-0.51944
-0.12294
-0.52671
-0.23733
-0.27373
-0.024431
-0.66397
-0.52954
-0.42736
0.095785
0.30633
-0.41522
-0.29848
0.078285
0.044598
-0.34466
-0.081404
-0.23555
0.07376
-0.63759
-0.13095
-0.57834
0.091478
-0.041707
0.2886
-0.4825
-0.19053
-0.15133
-0.31422
-0.15003
-0.482
-0.30656
-0.29985
-0.76809
-0.1849
-0.25172
0.16996
0.10316
-0.51726
-0.11171
-0.32512
-0.23062
-0.42507
-0.18819
-0.1365
0.0049997
-0.31316
-0.71397
-0.13869
-0.18283
-0.17495
-0.097539
-0.53079
-0.025255
0.019684
0.32056
-0.50918
-0.31835
-0.28145
0.19792
-0.054813
-0.6132
-0.22077
-0.12997
-0.2797
-0.4878
0.0031401
-0.45603
-0.1666
-0.66881
-0.052677
-0.46866
0.032382
-0.16739
0.13449
-0.41683
-0.57646
-0.41956
-0.22523
-0.36333
-0.3631
-0.47174
-0.35213
-0.75592
-0.17825
-0.56942
-0.20487
0.092352
-0.44577
-0.38301
-0.38034
-0.53887
-0.64059
-0.11429
-0.41834
-0.29431
-0.6676
-0.61099
-0.10684
-0.47416
-0.32578
-0.4245
-0.56596
-0.14788
-0.12805
-0.043608
-0.83796
-0.36281
-0.30749
0.23508
0.45898
0.20971
-0.37187
0.020707
0.21523
0.40098
0.16005
-0.36318
-0.14949
-0.76004
0.37307
0.20081
0.19932
0.11161
-0.037774
-0.10225
0.30577
-0.46428
-0.20056
0.30317
-0.56825
-0.1146
0.31169
0.10659
0.35061
0.2532
0.39043
0.71443
-0.21363
-0.29021
0.32528
0.19277
-0.27066
0.053305
-0.53709
0.024084
-0.36696
-0.44665
0.74039
0.14969
-0.071351
0.17782
-0.14448
0.8031
0.5257
0.65614
0.090578
-0.56871
0.17601
0.25206
0.42305
-0.62776
0.14714
0.046421
0.057737
-0.11841
0.56007
-0.46073
0.13258
0.0075333
-0.12811
-0.64645
0.46308
0.015163
0.8323
-0.34899
-0.10474
0.051311
0.075271
-0.1547
-0.44173
-0.3729
0.091417
0.064756
0.32168
-0.046811
0.41227
0.76676
-0.20954
0.02599
-0.29424
-0.52153
-0.19305
0.30206
0.17897
0.17495
-0.69921
-0.071696
-0.089519
-0.47311
-0.47818
-0.41209
-0.58596
0.11852
-0.021609
0.030222
-0.263
-0.47572
0.24297
401
402
403
404
405
406
407
408
409
410
411
412
413
414
415
416
417
418
419
420
421
422
423
424
425
426
427
428
429
430
431
432
433
434
435
436
437
438
439
440
441
442
443
444
445
446
447
448
449
450
401
402
403
404
405
406
407
408
409
410
411
412
413
414
415
416
417
418
419
420
421
422
423
424
425
426
427
428
429
430
431
432
433
434
435
436
437
438
439
440
441
442
443
444
445
446
447
448
449
450
401
402
403
404
405
406
407
408
409
410
411
412
413
414
415
416
417
418
419
420
421
422
423
424
425
426
427
428
429
430
431
432
433
434
435
436
437
438
439
440
441
442
443
444
445
446
447
448
449
450
401
402
403
404
405
406
407
408
409
410
411
412
413
414
415
416
417
418
419
420
421
422
423
424
425
426
427
428
429
430
431
432
433
434
435
436
437
438
439
440
441
442
443
444
445
446
447
448
449
450
401
402
403
404
405
406
407
408
409
410
411
412
413
414
415
416
417
418
419
420
421
422
423
424
425
426
427
428
429
430
431
432
433
434
435
436
437
438
439
440
441
442
443
444
445
446
447
448
449
450
