3/50
Sample Name06-Sep-2016 09:34:23~Sample Name06-Sep-2016 09:34:26~Sample Name06-Sep-2016 09:34:29~1.1743 1.3555 1.9527
0.32654 0.37674 1.1534
0.17873 0.18203 1.3044
0.46106 0.36411 0.1822
0.96457 0.74369 1.0412
0.9405 0.62504 2.0028
0.52334 0.53773 1.6419
1.0732 1.1434 1.8667
0.60663 0.79186 1.5543
1.175 0.95726 2.0548
1.3061 1.3478 1.59
1.3433 1.2415 1.9979
0.10456 0.27023 0.092807
1.4543 1.4413 2.0134
1.1579 1.23 1.8911
0.86095 1.0358 2.0608
0.2064 0.11494 0.28078
1.5451 1.2911 2.5779
0.74121 0.56608 1.8827
0.59672 0.66995 0.98356
0.9084 0.87027 1.5413
0.9944 0.92638 1.457
1.3592 1.3684 1.8827
1.4274 1.3164 1.6071
0.68452 0.70479 1.0868
1.225 1.1355 1.2443
0.74408 0.56797 1.0552
0.41921 0.070439 0.40335
0.73018 0.59399 1.0857
0.6528 0.51063 1.4061
0.59267 0.61317 0.7869
1.0136 0.65798 1.8012
1.2317 0.96246 2.2289
0.63496 0.52265 1.6494
1.5659 1.408 1.8971
0.62065 0.52048 1.2821
1.0556 1.0358 1.6051
1.2352 1.255 1.7611
1.1031 0.88721 0.79861
1.2968 1.2864 2.4806
0.20609 0.14973 0.13439
0.87831 0.91152 1.391
0.31698 0.065139 0.55224
0.26376 0.41212 0.95576
0.80505 0.61273 1.9419
0.56334 0.45718 1.5826
1.0236 0.75019 0.70766
0.55499 0.40617 1.5094
0.95491 1.1262 1.599
1.1056 0.87636 1.3079
401 401 401
402 402 402
403 403 403
404 404 404
405 405 405
406 406 406
407 407 407
408 408 408
409 409 409
410 410 410
411 411 411
412 412 412
413 413 413
414 414 414
415 415 415
416 416 416
417 417 417
418 418 418
419 419 419
420 420 420
421 421 421
422 422 422
423 423 423
424 424 424
425 425 425
426 426 426
427 427 427
428 428 428
429 429 429
430 430 430
431 431 431
432 432 432
433 433 433
434 434 434
435 435 435
436 436 436
437 437 437
438 438 438
439 439 439
440 440 440
441 441 441
442 442 442
443 443 443
444 444 444
445 445 445
446 446 446
447 447 447
448 448 448
449 449 449
450 450 450
1/1
